Abel 1.2 6.2 8.5 12.9
Adam 9.9 12.24
Adel 1.29 2.5 12.17 12.24
Adorjan 3.4 3.5 9.8
Adrienn 3.4 3.5 9.8
Agnes 1.21 1.28 3.2 3.6 11.16
Agoston 5.27 5.28 8.3 8.28 9.1
Agota 1.11 2.5
Akos 1.2 2.27 3.31 4.9 7.28
Aladar 2.20 3.11 4.18 4.20 5.26 6.21 6.29 7.8
Albert 4.23 4.29 5.9 5.28 8.7 8.24 9.5 11.15
Alexandra 3.3 3.18 3.20 5.18
Aliz 6.29 7.4 7.8 8.24 11.14 11.19 11.25 12.1
Andor 2.4 4.18 5.17 5.21 7.17 10.9 10.11 11.10 11.30
Andrea 2.4 4.18 5.21 7.17 10.9 11.10 11.30
Anett 2.9 6.2 6.7 6.13 7.26
Angela 1.4 1.27 5.31 6.1 7.21
Angelika 1.27
Aniko 6.2 6.13 7.26 9.1 12.22
Anita 6.2 6.13 7.26
Anna 2.19 6.2 6.13 7.1 7.26
Annamaria 6.2 6.9 7.1 7.26
Antal 1.17 6.13 7.5
Antonia 1.17 2.28 4.29 5.3 5.4 5.10 6.12 6.13 7.15
Aranka 2.8 7.19 10.4 10.15 10.16 12.2
Arnold 6.18 7.8 7.18 8.22 12.1
Aron 4.2 7.1 9.1
Arpad 1.5 2.10 3.26 3.31 4.7 12.11
Artur 1.7 1.22 1.24 6.21 9.1 10.20 11.15 12.11
Attila 1.7 10.5
Aurel 1.15 6.15 7.15 7.20 7.27 10.5 12.2
Balazs 2.3
Balint 1.7 1.14 2.14 3.16 11.3
Barabas 6.11
Barbara 12.4
Barna 6.11
Barnabas 6.11
Bea 7.29
Beata 3.8 3.22 5.9 6.24 6.29 9.6 12.16 12.22
Beatrix 1.18 5.11 7.28 7.29 8.29 10.14
Bela 1.2 4.23
Bence 3.20 3.21 8.23
Bendeguz 3.11 5.7 10.10 10.20
Benedek 3.21 4.14 4.16 4.18 5.1 7.11 7.17
Benjamin 1.3 3.31
Beno 3.31
Bernadett 2.18 4.16
Bertalan 8.24
Bertold 1.2 2.11 3.29 7.27 11.3 12.13 12.14
Bettina 8.6 10.8 12.4
Bianka 8.10 10.25 12.1
Blanka 8.10 10.25 12.1
Boglarka 8.1 8.22
Boldizsar 1.6 1.11 6.20
Borbala 2.19 12.4
Botond 5.16 7.28 12.25
Brigitta 7.23 10.8 10.11
Cecilia 6.3 9.16 11.22
Csaba 4.12 4.24 7.6 10.6 12.5
Csanad 4.12 5.28 9.6 10.11 11.15 12.5
Csenge 2.4 7.24
Csilla 3.22 4.22 6.2 8.10 11.22
Csongor 1.13 4.16 4.17
Dalma 5.7 5.12 7.12 12.5
Daniel 1.3 1.16 2.16 7.21 7.24 10.10 11.23 12.11
Daniella 7.21 10.10
David 3.1 5.1 6.26 12.29 12.30
Denes 2.26 3.26 4.6 4.8 10.9 11.17 12.2 12.26 12.30
Dezso 2.11 5.23 5.30 11.15 12.15 12.18
Diana 6.9 6.10 9.18
Domokos 5.9 8.4 8.8 12.20
Domotor 4.9 6.21 9.27 10.8 10.26
Donat 2.17 7.5 7.7 8.7
Dora 2.6 9.2 9.3
Dorottya 2.6 6.25 9.2 9.3 9.9
Ede 1.5 3.10 3.18 10.13 11.16 11.17 12.1
Edina 2.23 2.26
Edit 9.16
Elemer 2.20 2.28 4.28 8.25 10.9
Eleonora 2.21 7.9 7.11 7.12 8.21
Ella 2.10 2.13 3.24 9.2 12.12
Elvira 2.10 3.6 3.9 8.25
Elza 7.4 7.8 8.24 11.14 11.19 11.25 12.1 12.13
Emese 1.23 3.23 7.5
Emil 3.10 5.22 5.23 5.28 9.11 11.12
Emilia 1.5 5.3 6.30 7.19 8.19 9.19 11.20 11.24
Emma 4.19 6.27 6.29 11.24 11.25
Emod 2.17 8.4 8.9 8.13
Emoke 3.23 12.8
Endre 2.4 4.18 5.21 7.17 10.9 11.10 11.30
Eniko 4.16 9.15
Erik 1.24 2.9 5.18 8.21 8.31 9.10
Erika 1.24 2.9 5.18 8.21 8.31 9.10
Erno 1.12 7.12 7.13 11.7
Ervin 4.26 5.25 5.26 5.29 12.24
Erzsebet 5.5 5.24 7.4 7.8 8.24 11.5 11.14 11.17 11.19 11.25 12.1
Eszter 5.24 7.7 7.8
Eta 1.29
Etelka 1.28 1.29 2.5 2.21 6.11 6.12 10.7 10.8 12.16
Eva 7.7 12.24
Fanni 3.9 10.4
Farkas 6.9 7.29 8.23 10.31
Felicia 3.6 5.20
Felician 6.4 6.9 11.20
Felix 1.14 2.25 3.1 5.18 5.20 5.30 6.9 6.11 7.5 7.7 7.9 7.11 7.12 7.29 8.30 9.11 11.20
Ferdinand 5.20 5.30 6.5 10.19
Ferenc 1.24 1.29 4.2 5.11 6.4 6.16 7.14 7.15 9.17 10.4 10.10 12.3
Flora 6.20 7.29 11.24
Franciska 3.9 8.21 10.6 12.12 12.22
Frigyes 3.3 3.5 7.18 10.6
Fruzsina 1.1 9.25
Fulop 2.16 5.1 5.3 5.11 5.26 6.6 6.7 8.23 10.20
Gabor 2.27 3.24 9.29
Gabriella 2.4 3.24 9.29 10.17 12.12
Gaspar 1.5 1.6 8.27 12.28 12.29
Georgina 2.15 12.9
Gergely 1.2 2.6 2.13 3.9 3.12 3.21 5.9 5.25 6.17 9.3 11.17 11.27
Gergo 1.2 3.12 5.9 5.25 9.3 11.17 11.27
Geza 1.16 2.25 2.26 5.8 8.6 11.23
Gizella 5.7 5.8
Gusztav 1.16 3.10 4.14 5.7 5.27 8.1 8.2 8.3 8.6 8.8 8.28 10.7 10.9
Gyongyi 1.18 5.12 5.13 5.14 6.10 7.20 10.23
Gyongyver 1.3 1.8 5.26 10.23
Gyorgy 2.15 2.21 3.9 3.12 4.23 4.24 5.5 5.9 5.25 7.27 11.17 12.9
Gyorgyi 2.15 4.24 5.5 12.9
Gyork 7.27
Gyozo 2.26 5.8 7.28 11.3
Gyula 4.12 5.27 6.28 7.1 12.28
Hedvig 2.24 2.28 6.14 7.18 10.15 10.16 10.17
Helga 6.8 7.11 9.11 10.3
Henriett 1.25 3.2 3.16 5.16 7.15
Henrik 1.16 1.25 3.2 3.16 7.12 7.13 7.14 7.15
Ibolya 3.20 8.7 8.13 9.8 9.12
Ida 3.13 4.1 4.13 5.6 9.4 9.6 11.3
Ignac 2.1 7.31 9.1 10.3 10.17 10.23 12.15 12.20 12.30
Ildiko 3.10 4.30 9.14 9.17 11.17
Ilona 3.6 7.21 7.31 8.18 9.23 10.14 10.24
Imre 11.5
Iren 3.25 4.3 4.5 5.5 5.28 6.28 7.28 10.20 10.23 12.15
Irma 3.3 3.20 5.3 6.2 7.16 7.17 9.4 9.8 9.12 9.14
Istvan 8.2 8.3 8.20 9.2 9.7 11.29 12.26
Ivan 6.24 8.29
Ivett 1.13 5.6 6.29
Izabella 1.4 2.26 6.8 7.4 7.8 7.12
Jakab 5.1 5.3 5.11 7.25 10.11 10.13 11.27 11.28
Janka 2.4 3.28 3.31 5.30 6.17 7.9
Janos 1.23 1.27 1.31 2.8 2.24 3.8 3.27 3.28 5.5 5.6 5.15 5.16 5.27 6.10 6.12 6.22 6.24 6.26 7.12 7.30 8.8 8.9 8.11 8.13 8.19 8.22 8.29 9.13 10.8 10.9 10.20 10.23 10.24 10.25 11.4 11.24 11.27 12.27
Jazmin 2.24 5.10 7.12
Jeno 3.25 6.2 7.2 7.13 7.15 11.13 11.18 11.28
Jolan 6.15 7.24 11.18 11.20
Jozsef 3.17 3.19 4.7 4.16 4.18 5.1 8.25 8.27 9.18
Judit 1.13 5.5 5.6 6.29 7.30 12.10 12.22
Julia 2.16 4.8 5.22
Julianna 2.16 4.5 5.14 5.22 6.19 12.21
Kalman 10.13
Karola 1.28 9.25 9.27 11.4
Karolina 1.28 2.2 2.3 7.14 9.27 11.4
Karoly 1.28 6.3 9.11 9.27 11.4
Kata 2.2 3.24 4.29
Katalin 2.13 3.9 3.22 3.24 4.29 4.30 5.3 5.9 9.15 11.25 12.31
Kinga 7.24
Kitti 2.13 3.22 4.29 4.30 11.25 12.31
Klara 2.10 3.25 4.17 8.11 8.12
Klaudia 3.20 5.18 6.6 8.23 10.30
Konrad 2.14 2.18 2.19 4.20 4.21 6.1 11.26 12.14
Kornel 3.3 6.2 6.3 7.3 9.13 9.16
Kornelia 3.3 3.31 9.16
Kristof 3.15 3.25 5.9 7.25 10.31
Kriszta 6.22 8.5
Krisztian 2.13 3.13 4.3 9.27 11.12 12.20
Krisztina 6.22 7.24 8.5 11.6 12.5
Lajos 8.19 8.25 10.9 10.10 10.11
Laszlo 2.27 5.4 6.27 8.8 8.28
Laura 4.11 6.17 6.28 10.19
Lazar 2.23 11.7 12.17 12.27
Lehel 2.5 3.26 8.2 10.16
Lenke 7.22 7.23 8.18
Levente 2.13 6.18 6.24 6.28 8.1 11.12
Lili 7.11
Lilla 2.12 2.16 7.11 7.27
Linda 2.13
Lipot 4.2 7.22 11.15
Livia 2.12 9.23 10.14 11.12 12.10
Lorand 1.15 8.10 9.15
Lorant 1.15 7.15 8.10 9.13 9.15
Lorinc 7.5 7.21 8.10 9.5
Luca 7.7 12.13
Lujza 1.31 3.2 3.15 6.20 6.21 7.9 7.24 8.11 9.13
Magda 5.25 7.22
Magdolna 5.25 5.29 7.17 7.22
Marcell 1.9 1.16 1.31 4.26 6.26 8.14 12.16
Margit 1.18 1.19 1.28 2.22 6.10 6.20 7.9 7.13 7.20 8.26 9.2 10.16 10.17 10.25 11.16 12.30
Maria 1.1 1.23 2.2 2.11 3.3 3.25 4.2 4.7 4.8 4.26 5.8 5.24 5.29 5.31 6.15 7.2 7.6 7.7 7.16 7.17 7.22 8.2 8.5 8.9 8.15 8.16 8.22 9.8 9.12 9.15 9.19 9.22 9.24 10.3 10.6 10.7 10.8 10.11 10.22 10.24 11.21 11.27 12.8 12.15 12.18
Mariann 8.19
Marianna 4.10 4.27 4.30 5.26 11.1
Marietta 1.1 2.11 3.25 4.8 5.24 5.31 6.15 7.6 7.22 8.15 8.16 8.22 9.8 9.12 10.8 10.24 12.8
Mark 4.25 5.25 6.18 10.7
Marta 1.19 7.29
Marton 4.13 11.3 11.11 11.12 11.13
Mate 9.21
Matild 1.11 3.14 5.31 7.6
Matyas 2.24 5.14 12.8
Melinda 10.29 12.2
Menyhert 1.6 1.21 8.14 8.22 9.7
Mihaly 4.10 5.8 6.19 7.5 9.29 11.8
Miklos 3.21 9.10 9.25 11.13 11.26 12.6
Monika 5.4 8.27
Nandor 5.30 6.5 10.19 10.29
Nelli 7.11
Nikolett 3.21 9.10
Noemi 4.22 9.1 12.24
Nora 2.21 3.6 7.11
Norbert 6.6
Odon 10.20 10.26 11.16 11.18 11.20
Olga 6.21 6.27 7.11 7.27
Oliver 3.5 3.24 7.1 7.11 11.21
Orsi 6.26 7.14 10.2
Orsolya 4.7 10.21
Oszkar 2.3 3.3 7.31 12.1
Otto 2.23 3.23 7.2 9.22 11.18 12.16
Pal 1.10 1.15 1.18 1.25 2.6 2.10 2.22 3.7 4.1 4.28 5.7 6.26 6.29 6.30 8.1 10.19 11.18
Patrik 3.17 4.28 8.30
Paula 1.26 2.20 6.11
Peter 1.25 1.28 1.31 2.5 2.21 2.22 2.23 4.27 4.28 4.29 5.8 6.2 6.16 6.29 7.30 8.1 9.9 10.19 11.18 11.26 12.4 12.5 12.9 12.21
Petra 1.28 2.21 2.22 6.29 9.9 10.2 11.18 12.21
Piroska 1.18
Pongrac 5.12
Rebeka 3.9 8.30 9.2
Regina 9.4 9.7
Reka 2.6 8.17 11.10
Renata 5.22 5.23 9.2 10.6 11.12
Richard 2.7 4.3 9.18 11.15
Rita 5.22 8.26
Robert 2.4 4.29 5.13 6.6 6.7 7.17 7.18 9.17
Roland 1.15 5.31 7.15 8.9 9.15
Roza 8.23 8.30 9.4
Rozalia 8.23 8.30 9.4 10.3
Rudolf 4.17 7.27 10.17 11.7
Sandor 1.15 2.26 3.18 4.22 4.23 5.3 10.11
Sara 1.19 7.7 7.13 7.15 10.9
Sarolt 5.31 7.5
Sarolta 1.19 7.5 7.13 7.17 11.4
Sebestyen 1.20 12.5
Simon 1.5 2.18 4.21 4.24 5.16 7.18 10.8 10.28
Stefania 1.2 1.16 8.20 10.23 10.30 11.28 12.26
Szabolcs 6.17 7.17 7.18 7.28 9.19
Szandra 3.18 5.18
Szaniszlo 4.11 5.7 11.13
Szilard 3.11 4.12 5.21 12.14
Szilveszter 11.20 11.26 12.31
Szilvia 11.3 11.13
Tamara 1.26 5.6 9.1 12.29
Tamas 1.28 3.7 6.22 7.3 7.6 8.25 9.22 10.2 12.21 12.29
Tibor 4.14 8.11 11.10
Tihamer 4.20 4.26 4.29 5.26 7.1 11.9 11.12 12.16
Timea 1.20 3.11 5.3
Tivadar 1.27 4.20 4.30 6.28 7.1 9.9 9.19 11.9
Tunde 4.2 6.1 11.10
Valer 1.29 6.14 12.15
Valeria 4.28 6.5 12.9
Vendel 6.5 10.20
Veronika 1.12 1.13 1.19 1.24 2.4 2.27 7.9
Viktor 2.26 4.20 5.7 5.8 5.12 7.28 8.11 9.5 9.30 11.2
Viktoria 1.26 11.17 11.26 12.23
Vilma 1.10 5.23 5.28 6.25 9.19 10.15 12.5
Vilmos 1.10 2.10 4.6 4.28 5.23 5.28 6.8 6.25 7.5
Vince 1.22 4.5 4.9 5.24 7.19 9.27
Viola 5.3 5.5 5.23 6.15 6.25 12.19
Virag 1.8 2.10 7.29 11.24 11.26
Vivien 12.2
Zalan 3.30 7.14 9.10 12.30
Zita 4.27 12.11
Zoltan 3.8 3.13 6.23 11.20
Zombor 8.22 12.26
Zsanett 3.28 3.31 5.12 5.30
Zsigmond 5.1 5.2
Zsofia 4.30 5.15 5.24 5.25 8.1 9.17 9.18 9.30
Zsoka 5.6 7.8 11.19
Zsolt 3.8 3.13 4.10 10.21 11.20
Zsombor 4.21 11.8
Zsuzsanna 2.19 8.11 9.20